0 0 0 0 0 0 0 0 
0 1 0 0 0 0 0 0 
0 2 0 0 0 0 0 0 
0 3 0 0 0 0 0 0 
0 4 0 0 0 0 0 0 
0 5 0 0 0 0 0 0 
0 6 0 0 0 0 0 0 
0 7 0 0 0 0 0 0 
0 8 0 0 0 0 0 0 
0 9 0 0 0 0 0 0 
0 10 0 0 0 0 0 0 
0 11 0 0 0 0 0 0 
0 12 0 0 0 0 0 0 
0 13 0 0 0 0 0 0 
0 14 0 0 0 0 0 0 
0 15 0 0 0 0 0 0 
0 16 0 0 0 0 0 0 
0 17 0 0 0 0 0 0 
0 18 0 0 0 0 0 0 
0 19 0 0 0 0 0 0 
0 20 0 0 0 0 0 0 
0 21 0 0 0 0 0 0 
0 22 0 0 0 0 0 0 
0 23 0 0 0 0 0 0 
0 24 0 0 0 0 0 0 
0 25 0 0 0 0 0 0 
0 26 0 0 0 0 0 0 
0 27 0 0 0 0 0 0 
0 28 0 0 0 0 0 0 
0 29 0 0 0 0 0 0 
0 30 0 0 0 0 0 0 
0 31 0 0 0 0 0 0 
0 32 0 0 0 0 0 0 
0 33 0 0 0 0 0 0 
0 34 0 0 0 0 0 0 
0 35 0 0 0 0 0 0 
0 36 0 0 0 0 0 0 
400 0 900 86 15 0 799 0 
400 1 900 78 9 0 813 0 
400 2 900 80 9 0 811 0 
400 3 900 75 2 0 823 0 
400 4 900 95 8 0 797 0 
400 5 900 81 11 0 808 0 
400 6 900 98 7 0 795 0 
400 7 900 94 10 0 796 0 
400 8 900 70 9 0 821 0 
400 9 900 91 16 0 793 0 
400 10 900 93 7 0 799 0 
400 11 900 89 13 0 798 0 
400 12 900 81 18 0 801 0 
400 13 900 88 13 0 799 0 
400 14 900 89 3 0 808 0 
400 15 900 97 12 0 791 0 
400 16 900 94 14 0 792 0 
400 17 900 88 15 0 797 0 
400 18 900 78 15 0 807 0 
400 19 900 87 8 0 805 0 
400 20 900 88 7 0 805 0 
400 21 900 93 15 0 792 0 
400 22 900 93 8 0 799 0 
400 23 900 90 7 0 802 0 
400 24 900 93 6 0 801 0 
400 25 900 77 7 0 816 0 
400 26 900 89 17 0 794 0 
400 27 900 85 7 0 808 0 
400 28 900 91 9 0 800 0 
400 29 900 87 9 0 803 0 
400 30 900 79 8 0 813 0 
400 31 900 90 11 0 799 0 
400 32 900 79 11 0 810 0 
400 33 900 82 18 0 800 0 
400 34 900 103 18 0 778 0 
400 35 900 82 8 0 810 0 
400 36 900 92 12 0 796 0 
800 0 900 83 9 0 767 41 
800 1 900 81 7 0 779 32 
800 2 900 81 15 0 772 32 
800 3 900 65 3 0 807 24 
800 4 900 79 7 0 793 21 
800 5 900 72 11 0 789 28 
800 6 900 82 8 0 789 21 
800 7 900 85 13 0 766 36 
800 8 900 65 15 0 800 20 
800 9 900 78 10 0 784 26 
800 10 900 73 6 0 790 30 
800 11 900 83 11 0 769 37 
800 12 900 76 9 0 788 26 
800 13 900 81 6 0 790 23 
800 14 900 87 7 0 781 25 
800 15 900 81 10 0 781 28 
800 16 900 87 14 0 759 39 
800 17 900 93 14 0 764 29 
800 18 900 63 7 0 806 24 
800 19 900 100 17 0 753 29 
800 20 900 81 16 0 768 35 
800 21 900 91 12 0 770 26 
800 22 900 104 10 0 749 37 
800 23 900 75 4 0 791 29 
800 24 900 77 8 0 779 36 
800 25 900 75 5 0 796 24 
800 26 900 85 9 0 777 29 
800 27 900 75 8 0 789 28 
800 28 900 73 16 0 773 38 
800 29 900 94 12 0 756 37 
800 30 900 94 10 0 766 30 
800 31 900 83 11 0 778 27 
800 32 900 76 6 0 798 19 
800 33 900 77 16 0 780 26 
800 34 900 74 8 0 799 19 
800 35 900 67 6 0 789 37 
800 36 900 84 9 0 778 29 
1200 0 900 57 4 0 776 63 
1200 1 900 77 5 0 768 50 
1200 2 900 71 5 0 750 74 
1200 3 900 61 1 0 798 39 
1200 4 900 97 15 0 723 65 
1200 5 900 83 8 0 759 50 
1200 6 900 75 12 0 762 51 
1200 7 900 64 7 0 788 40 
1200 8 900 64 6 0 774 56 
1200 9 900 58 6 0 783 53 
1200 10 900 91 12 0 727 70 
1200 11 900 72 8 0 766 54 
1200 12 900 60 6 0 790 44 
1200 13 900 52 3 0 790 55 
1200 14 900 76 8 0 761 55 
1200 15 900 80 2 0 754 64 
1200 16 900 75 6 0 770 49 
1200 17 900 74 9 0 752 65 
1200 18 900 68 9 0 768 55 
1200 19 900 82 8 0 733 77 
1200 20 900 75 12 0 751 62 
1200 21 900 82 8 0 750 60 
1200 22 900 75 4 0 762 59 
1200 23 900 86 4 0 743 67 
1200 24 900 75 4 0 760 61 
1200 25 900 80 9 0 769 41 
1200 26 900 78 7 0 749 66 
1200 27 900 88 5 0 742 65 
1200 28 900 80 12 0 726 82 
1200 29 900 67 7 0 755 70 
1200 30 900 90 7 0 746 57 
1200 31 900 71 9 0 766 54 
1200 32 900 68 5 0 775 52 
1200 33 900 63 12 0 763 61 
1200 34 900 60 3 0 788 48 
1200 35 900 71 9 0 756 64 
1200 36 900 75 5 0 768 52 
1600 0 900 76 8 0 755 61 
1600 1 900 77 5 0 766 52 
1600 2 900 77 3 0 784 35 
1600 3 900 68 3 0 777 52 
1600 4 900 77 14 0 743 66 
1600 5 900 92 9 0 729 70 
1600 6 900 66 13 0 754 67 
1600 7 900 67 8 0 750 75 
1600 8 900 73 6 0 775 46 
1600 9 900 67 12 0 757 64 
1600 10 900 79 6 0 757 58 
1600 11 900 85 10 0 754 51 
1600 12 900 62 6 0 778 54 
1600 13 900 67 4 0 791 38 
1600 14 900 77 3 0 770 50 
1600 15 900 72 1 0 750 76 
1600 16 900 65 6 0 770 59 
1600 17 900 62 11 0 779 48 
1600 18 900 58 2 0 797 43 
1600 19 900 72 11 0 761 56 
1600 20 900 85 12 0 748 55 
1600 21 900 77 7 0 773 43 
1600 22 900 73 6 0 763 58 
1600 23 900 82 5 0 751 62 
1600 24 900 65 7 0 770 58 
1600 25 900 72 6 0 773 49 
1600 26 900 76 7 0 748 69 
1600 27 900 68 4 0 778 50 
1600 28 900 80 8 0 778 33 
1600 29 900 73 7 0 772 48 
1600 30 900 69 8 0 776 47 
1600 31 900 75 5 0 759 61 
1600 32 900 74 5 0 776 44 
1600 33 900 75 7 0 748 70 
1600 34 900 67 4 0 802 26 
1600 35 900 74 7 0 758 61 
1600 36 900 67 3 0 778 52 
2000 0 900 70 10 0 765 55 
2000 1 900 62 4 0 803 31 
2000 2 900 68 3 0 795 34 
2000 3 900 64 6 0 786 44 
2000 4 900 75 9 0 755 61 
2000 5 900 67 8 0 780 45 
2000 6 900 78 4 0 775 43 
2000 7 900 76 2 0 780 42 
2000 8 900 52 6 0 814 27 
2000 9 900 66 0 0 788 45 
2000 10 900 79 6 0 768 47 
2000 11 900 65 5 0 773 57 
2000 12 900 81 5 0 770 44 
2000 13 900 62 2 0 781 55 
2000 14 900 69 1 0 795 35 
2000 15 900 83 1 0 749 66 
2000 16 900 74 3 0 764 59 
2000 17 900 78 3 0 774 44 
2000 18 900 58 4 0 779 59 
2000 19 900 80 0 0 762 57 
2000 20 900 79 5 0 777 39 
2000 21 900 84 4 0 746 66 
2000 22 900 81 2 0 767 50 
2000 23 900 67 3 0 782 48 
2000 24 900 74 7 0 773 46 
2000 25 900 64 3 0 802 31 
2000 26 900 76 5 0 748 71 
2000 27 900 76 6 0 778 40 
2000 28 900 72 3 0 774 50 
2000 29 900 85 3 0 743 68 
2000 30 900 68 4 0 803 25 
2000 31 900 74 7 0 755 64 
2000 32 900 67 5 0 802 26 
2000 33 900 69 4 0 763 64 
2000 34 900 69 2 0 782 47 
2000 35 900 70 8 0 774 48 
2000 36 900 85 2 0 762 51 
2400 0 900 70 7 0 791 31 
2400 1 900 75 1 0 787 37 
2400 2 900 71 2 0 774 53 
2400 3 900 55 6 0 810 29 
2400 4 900 67 3 0 785 45 
2400 5 900 71 2 0 771 56 
2400 6 900 69 1 0 800 30 
2400 7 900 67 2 0 783 48 
2400 8 900 62 2 0 796 40 
2400 9 900 71 3 0 784 41 
2400 10 900 75 5 0 765 55 
2400 11 900 66 5 0 788 41 
2400 12 900 76 4 0 767 53 
2400 13 900 61 2 0 803 33 
2400 14 900 73 3 0 784 40 
2400 15 900 66 2 0 792 40 
2400 16 900 65 1 0 796 38 
2400 17 900 55 3 0 815 27 
2400 18 900 77 4 0 763 56 
2400 19 900 69 2 0 785 44 
2400 20 900 72 2 0 767 59 
2400 21 900 71 2 0 776 51 
2400 22 900 75 1 0 760 64 
2400 23 900 63 1 0 780 56 
2400 24 900 77 3 0 766 54 
2400 25 900 72 3 0 788 37 
2400 26 900 83 1 0 769 47 
2400 27 900 60 3 0 793 44 
2400 28 900 74 5 0 780 41 
2400 29 900 83 2 0 775 40 
2400 30 900 79 3 0 775 43 
2400 31 900 86 3 0 776 35 
2400 32 900 66 3 0 804 27 
2400 33 900 59 3 0 787 50 
2400 34 900 54 0 0 825 20 
2400 35 900 64 0 0 797 39 
2400 36 900 66 5 0 783 46 
2800 0 900 76 1 0 783 40 
2800 1 900 67 6 0 795 31 
2800 2 900 84 5 0 781 30 
2800 3 900 65 2 0 808 25 
2800 4 900 71 2 0 776 51 
2800 5 900 74 0 0 773 53 
2800 6 900 70 4 0 775 51 
2800 7 900 61 4 0 795 40 
2800 8 900 49 2 0 823 26 
2800 9 900 61 4 0 794 41 
2800 10 900 76 6 0 787 31 
2800 11 900 59 2 0 789 50 
2800 12 900 66 4 0 798 31 
2800 13 900 58 1 0 807 34 
2800 14 900 77 4 0 772 47 
2800 15 900 69 5 0 796 30 
2800 16 900 82 5 0 769 44 
2800 17 900 73 2 0 797 28 
2800 18 900 52 4 0 821 23 
2800 19 900 76 4 0 788 32 
2800 20 900 71 1 0 796 31 
2800 21 900 68 3 0 781 48 
2800 22 900 72 5 0 787 35 
2800 23 900 70 0 0 797 33 
2800 24 900 67 1 0 783 49 
2800 25 900 50 2 0 817 31 
2800 26 900 76 4 0 771 49 
2800 27 900 66 3 0 806 24 
2800 28 900 68 5 0 769 58 
2800 29 900 71 3 0 789 36 
2800 30 900 72 0 0 785 43 
2800 31 900 66 4 0 799 30 
2800 32 900 55 2 0 808 35 
2800 33 900 79 3 0 779 39 
2800 34 900 72 1 0 784 43 
2800 35 900 58 4 0 795 43 
2800 36 900 57 3 0 803 37 
3200 0 900 59 2 0 799 40 
3200 1 900 73 3 0 798 26 
3200 2 900 62 1 0 815 22 
3200 3 900 51 2 0 821 25 
3200 4 900 56 1 0 811 32 
3200 5 900 61 0 0 821 18 
3200 6 900 74 0 0 785 41 
3200 7 900 62 2 0 806 29 
3200 8 900 63 1 0 807 29 
3200 9 900 54 2 0 817 27 
3200 10 900 66 0 0 799 35 
3200 11 900 75 4 0 775 46 
3200 12 900 72 2 0 786 40 
3200 13 900 49 2 0 821 27 
3200 14 900 70 1 0 799 30 
3200 15 900 60 4 0 815 21 
3200 16 900 57 2 0 807 34 
3200 17 900 58 1 0 803 38 
3200 18 900 63 2 0 810 25 
3200 19 900 74 4 0 798 24 
3200 20 900 74 5 0 801 20 
3200 21 900 70 1 0 788 41 
3200 22 900 77 1 0 793 29 
3200 23 900 78 3 0 787 32 
3200 24 900 74 4 0 788 34 
3200 25 900 56 4 0 807 32 
3200 26 900 83 2 0 782 33 
3200 27 900 72 4 0 791 32 
3200 28 900 75 10 0 786 29 
3200 29 900 74 4 0 793 29 
3200 30 900 66 3 0 790 41 
3200 31 900 70 1 0 793 36 
3200 32 900 56 1 0 814 29 
3200 33 900 63 2 0 795 40 
3200 34 900 56 3 0 803 38 
3200 35 900 62 2 0 812 24 
3200 36 900 54 2 0 817 27 
3600 0 900 64 4 0 801 31 
3600 1 900 64 0 0 800 36 
3600 2 900 55 1 0 816 27 
3600 3 900 57 1 0 819 23 
3600 4 900 62 2 0 813 23 
3600 5 900 79 0 0 786 34 
3600 6 900 69 2 0 794 35 
3600 7 900 69 2 0 789 40 
3600 8 900 50 1 0 832 17 
3600 9 900 60 3 0 796 40 
3600 10 900 71 1 0 796 32 
3600 11 900 71 0 0 789 38 
3600 12 900 66 1 0 782 51 
3600 13 900 54 0 0 817 29 
3600 14 900 62 2 0 812 24 
3600 15 900 68 0 0 806 26 
3600 16 900 64 3 0 815 17 
3600 17 900 75 2 0 786 36 
3600 18 900 59 3 0 811 27 
3600 19 900 76 4 0 797 23 
3600 20 900 67 2 0 801 30 
3600 21 900 53 0 0 817 30 
3600 22 900 60 1 0 799 40 
3600 23 900 63 0 0 804 33 
3600 24 900 78 1 0 793 28 
3600 25 900 66 2 0 795 37 
3600 26 900 65 3 0 817 15 
3600 27 900 79 2 0 791 28 
3600 28 900 68 0 0 803 29 
3600 29 900 70 1 0 802 26 
3600 30 900 62 2 0 800 36 
3600 31 900 68 0 0 796 35 
3600 32 900 48 2 0 835 15 
3600 33 900 74 3 0 793 30 
3600 34 900 71 1 0 795 32 
3600 35 900 66 1 0 813 20 
3600 36 900 58 0 0 815 27 
