0 0.000000 0.000000
400 450.000000 399.000000
800 450.000000 395.000000
1200 450.000000 387.000000
1600 450.000000 387.000000
2000 450.000000 397.000000
2400 450.000000 394.000000
2800 450.000000 388.000000
3200 450.000000 401.000000
3600 450.000000 389.000000
4000 450.000000 392.000000
4400 450.000000 395.000000
4800 450.000000 406.000000
5200 450.000000 416.000000
5600 450.000000 416.000000
6000 450.000000 411.000000
6400 450.000000 417.000000
6800 450.000000 421.000000
7200 450.000000 430.000000
7600 450.000000 438.000000
