0 0 0 0 0 0 0 0 
0 1 0 0 0 0 0 0 
0 2 0 0 0 0 0 0 
0 3 0 0 0 0 0 0 
0 4 0 0 0 0 0 0 
0 5 0 0 0 0 0 0 
0 6 0 0 0 0 0 0 
0 7 0 0 0 0 0 0 
0 8 0 0 0 0 0 0 
0 9 0 0 0 0 0 0 
0 10 0 0 0 0 0 0 
0 11 0 0 0 0 0 0 
0 12 0 0 0 0 0 0 
0 13 0 0 0 0 0 0 
0 14 0 0 0 0 0 0 
0 15 0 0 0 0 0 0 
0 16 0 0 0 0 0 0 
0 17 0 0 0 0 0 0 
0 18 0 0 0 0 0 0 
0 19 0 0 0 0 0 0 
0 20 0 0 0 0 0 0 
0 21 0 0 0 0 0 0 
0 22 0 0 0 0 0 0 
0 23 0 0 0 0 0 0 
0 24 0 0 0 0 0 0 
0 25 0 0 0 0 0 0 
0 26 0 0 0 0 0 0 
0 27 0 0 0 0 0 0 
0 28 0 0 0 0 0 0 
0 29 0 0 0 0 0 0 
0 30 0 0 0 0 0 0 
0 31 0 0 0 0 0 0 
0 32 0 0 0 0 0 0 
0 33 0 0 0 0 0 0 
0 34 0 0 0 0 0 0 
0 35 0 0 0 0 0 0 
0 36 0 0 0 0 0 0 
400 0 450 260 189 0 0 0 
400 1 450 167 63 0 219 0 
400 2 450 164 90 0 196 0 
400 3 450 171 79 0 199 0 
400 4 450 175 86 0 188 0 
400 5 450 173 87 0 189 0 
400 6 450 185 87 0 177 0 
400 7 450 0 0 0 450 0 
400 8 450 19 5 0 426 0 
400 9 450 14 7 0 429 0 
400 10 450 0 0 0 450 0 
400 11 450 20 1 0 429 0 
400 12 450 0 0 0 450 0 
400 13 450 19 5 0 426 0 
400 14 450 0 0 0 450 0 
400 15 450 14 4 0 432 0 
400 16 450 0 0 0 450 0 
400 17 450 19 6 0 425 0 
400 18 450 0 0 0 450 0 
400 19 450 0 0 0 450 0 
400 20 450 0 0 0 450 0 
400 21 450 0 0 0 450 0 
400 22 450 0 0 0 450 0 
400 23 450 0 0 0 450 0 
400 24 450 0 0 0 450 0 
400 25 450 0 0 0 450 0 
400 26 450 0 0 0 450 0 
400 27 450 0 0 0 450 0 
400 28 450 0 0 0 450 0 
400 29 450 0 0 0 450 0 
400 30 450 0 0 0 450 0 
400 31 450 0 0 0 450 0 
400 32 450 0 0 0 450 0 
400 33 450 0 0 0 450 0 
400 34 450 0 0 0 450 0 
400 35 450 0 0 0 450 0 
400 36 450 0 0 0 450 0 
800 0 450 243 206 0 0 0 
800 1 450 165 87 0 198 0 
800 2 450 155 101 0 194 0 
800 3 450 163 86 0 200 0 
800 4 450 182 89 0 179 0 
800 5 450 170 77 0 202 0 
800 6 450 157 100 0 193 0 
800 7 450 0 0 0 450 0 
800 8 450 11 4 0 435 0 
800 9 450 22 4 0 424 0 
800 10 450 0 0 0 450 0 
800 11 450 20 3 0 427 0 
800 12 450 0 0 0 450 0 
800 13 450 18 5 0 427 0 
800 14 450 0 0 0 450 0 
800 15 450 18 4 0 428 0 
800 16 450 0 0 0 450 0 
800 17 450 8 4 0 438 0 
800 18 450 0 0 0 450 0 
800 19 450 0 0 0 450 0 
800 20 450 0 0 0 450 0 
800 21 450 0 0 0 450 0 
800 22 450 0 0 0 450 0 
800 23 450 0 0 0 450 0 
800 24 450 0 0 0 450 0 
800 25 450 0 0 0 450 0 
800 26 450 0 0 0 450 0 
800 27 450 0 0 0 450 0 
800 28 450 0 0 0 450 0 
800 29 450 0 0 0 450 0 
800 30 450 0 0 0 450 0 
800 31 450 0 0 0 450 0 
800 32 450 0 0 0 450 0 
800 33 450 0 0 0 450 0 
800 34 450 0 0 0 450 0 
800 35 450 0 0 0 450 0 
800 36 450 0 0 0 450 0 
1200 0 450 221 228 0 0 0 
1200 1 450 162 87 0 200 0 
1200 2 450 155 99 0 195 0 
1200 3 450 141 102 0 207 0 
1200 4 450 150 96 0 203 0 
1200 5 450 159 91 0 199 0 
1200 6 450 159 101 0 189 0 
1200 7 450 0 0 0 450 0 
1200 8 450 19 3 0 428 0 
1200 9 450 19 4 0 427 0 
1200 10 450 0 0 0 450 0 
1200 11 450 10 7 0 433 0 
1200 12 450 0 0 0 450 0 
1200 13 450 13 6 0 431 0 
1200 14 450 0 0 0 450 0 
1200 15 450 23 3 0 424 0 
1200 16 450 0 0 0 450 0 
1200 17 450 21 5 0 424 0 
1200 18 450 0 0 0 450 0 
1200 19 450 0 0 0 450 0 
1200 20 450 0 0 0 450 0 
1200 21 450 0 0 0 450 0 
1200 22 450 0 0 0 450 0 
1200 23 450 0 0 0 450 0 
1200 24 450 0 0 0 450 0 
1200 25 450 0 0 0 450 0 
1200 26 450 0 0 0 450 0 
1200 27 450 0 0 0 450 0 
1200 28 450 0 0 0 450 0 
1200 29 450 0 0 0 450 0 
1200 30 450 0 0 0 450 0 
1200 31 450 0 0 0 450 0 
1200 32 450 0 0 0 450 0 
1200 33 450 0 0 0 450 0 
1200 34 450 0 0 0 450 0 
1200 35 450 0 0 0 450 0 
1200 36 450 0 0 0 450 0 
1600 0 450 196 167 0 0 87 
1600 1 450 138 81 0 176 54 
1600 2 450 144 78 0 172 56 
1600 3 450 141 67 0 179 63 
1600 4 450 129 82 0 173 65 
1600 5 450 140 83 0 179 48 
1600 6 450 134 82 0 181 52 
1600 7 450 0 0 0 450 0 
1600 8 450 16 2 0 429 3 
1600 9 450 15 1 0 428 6 
1600 10 450 0 0 0 450 0 
1600 11 450 16 4 0 421 9 
1600 12 450 0 0 0 450 0 
1600 13 450 17 6 0 424 3 
1600 14 450 0 0 0 450 0 
1600 15 450 14 2 0 424 10 
1600 16 450 0 0 0 450 0 
1600 17 450 12 9 0 425 4 
1600 18 450 0 0 0 450 0 
1600 19 450 0 0 0 450 0 
1600 20 450 0 0 0 450 0 
1600 21 450 0 0 0 450 0 
1600 22 450 0 0 0 450 0 
1600 23 450 0 0 0 450 0 
1600 24 450 0 0 0 450 0 
1600 25 450 0 0 0 450 0 
1600 26 450 0 0 0 450 0 
1600 27 450 0 0 0 450 0 
1600 28 450 0 0 0 450 0 
1600 29 450 0 0 0 450 0 
1600 30 450 0 0 0 450 0 
1600 31 450 0 0 0 450 0 
1600 32 450 0 0 0 450 0 
1600 33 450 0 0 0 450 0 
1600 34 450 0 0 0 450 0 
1600 35 450 0 0 0 450 0 
1600 36 450 0 0 0 450 0 
2000 0 450 240 114 0 0 95 
2000 1 450 115 67 0 239 29 
2000 2 450 117 53 0 224 56 
2000 3 450 115 47 0 233 55 
2000 4 450 116 42 0 241 51 
2000 5 450 117 55 0 231 46 
2000 6 450 117 45 0 228 59 
2000 7 450 0 0 0 450 0 
2000 8 450 8 7 0 431 4 
2000 9 450 12 2 0 430 6 
2000 10 450 0 0 0 450 0 
2000 11 450 11 3 0 431 5 
2000 12 450 0 0 0 450 0 
2000 13 450 10 2 0 433 5 
2000 14 450 0 0 0 450 0 
2000 15 450 11 2 0 425 12 
2000 16 450 0 0 0 450 0 
2000 17 450 15 1 0 431 3 
2000 18 450 0 0 0 450 0 
2000 19 450 0 0 0 450 0 
2000 20 450 0 0 0 450 0 
2000 21 450 0 0 0 450 0 
2000 22 450 0 0 0 450 0 
2000 23 450 0 0 0 450 0 
2000 24 450 0 0 0 450 0 
2000 25 450 0 0 0 450 0 
2000 26 450 0 0 0 450 0 
2000 27 450 0 0 0 450 0 
2000 28 450 0 0 0 450 0 
2000 29 450 0 0 0 450 0 
2000 30 450 0 0 0 450 0 
2000 31 450 0 0 0 450 0 
2000 32 450 0 0 0 450 0 
2000 33 450 0 0 0 450 0 
2000 34 450 0 0 0 450 0 
2000 35 450 0 0 0 450 0 
2000 36 450 0 0 0 450 0 
2400 0 450 293 62 0 0 95 
2400 1 450 116 18 0 273 43 
2400 2 450 106 28 0 277 39 
2400 3 450 98 31 0 279 42 
2400 4 450 108 39 0 265 38 
2400 5 450 103 31 0 267 49 
2400 6 450 98 50 0 272 30 
2400 7 450 0 0 0 450 0 
2400 8 450 11 4 0 430 5 
2400 9 450 6 2 0 440 2 
2400 10 450 0 0 0 450 0 
2400 11 450 10 2 0 435 3 
2400 12 450 0 0 0 450 0 
2400 13 450 8 3 0 436 3 
2400 14 450 0 0 0 450 0 
2400 15 450 7 0 0 441 2 
2400 16 450 0 0 0 450 0 
2400 17 450 7 1 0 439 3 
2400 18 450 0 0 0 450 0 
2400 19 450 0 0 0 450 0 
2400 20 450 0 0 0 450 0 
2400 21 450 0 0 0 450 0 
2400 22 450 0 0 0 450 0 
2400 23 450 0 0 0 450 0 
2400 24 450 0 0 0 450 0 
2400 25 450 0 0 0 450 0 
2400 26 450 0 0 0 450 0 
2400 27 450 0 0 0 450 0 
2400 28 450 0 0 0 450 0 
2400 29 450 0 0 0 450 0 
2400 30 450 0 0 0 450 0 
2400 31 450 0 0 0 450 0 
2400 32 450 0 0 0 450 0 
2400 33 450 0 0 0 450 0 
2400 34 450 0 0 0 450 0 
2400 35 450 0 0 0 450 0 
2400 36 450 0 0 0 450 0 
2800 0 450 320 60 0 0 70 
2800 1 450 73 28 0 308 41 
2800 2 450 74 28 0 316 32 
2800 3 450 77 23 0 320 30 
2800 4 450 72 25 0 325 28 
2800 5 450 73 21 0 332 24 
2800 6 450 74 27 0 314 35 
2800 7 450 0 0 0 450 0 
2800 8 450 7 0 0 439 4 
2800 9 450 2 2 0 444 2 
2800 10 450 0 0 0 450 0 
2800 11 450 5 1 0 439 5 
2800 12 450 0 0 0 450 0 
2800 13 450 2 0 0 448 0 
2800 14 450 0 0 0 450 0 
2800 15 450 12 2 0 433 3 
2800 16 450 0 0 0 450 0 
2800 17 450 8 1 0 435 6 
2800 18 450 0 0 0 450 0 
2800 19 450 0 0 0 450 0 
2800 20 450 0 0 0 450 0 
2800 21 450 0 0 0 450 0 
2800 22 450 0 0 0 450 0 
2800 23 450 0 0 0 450 0 
2800 24 450 0 0 0 450 0 
2800 25 450 0 0 0 450 0 
2800 26 450 0 0 0 450 0 
2800 27 450 0 0 0 450 0 
2800 28 450 0 0 0 450 0 
2800 29 450 0 0 0 450 0 
2800 30 450 0 0 0 450 0 
2800 31 450 0 0 0 450 0 
2800 32 450 0 0 0 450 0 
2800 33 450 0 0 0 450 0 
2800 34 450 0 0 0 450 0 
2800 35 450 0 0 0 450 0 
2800 36 450 0 0 0 450 0 
3200 0 450 353 31 0 0 66 
3200 1 450 72 26 0 337 15 
3200 2 450 57 9 0 355 29 
3200 3 450 62 10 0 355 23 
3200 4 450 57 21 0 350 22 
3200 5 450 63 17 0 347 23 
3200 6 450 63 11 0 346 30 
3200 7 450 0 0 0 450 0 
3200 8 450 9 0 0 439 2 
3200 9 450 7 0 0 437 6 
3200 10 450 0 0 0 450 0 
3200 11 450 4 2 0 442 2 
3200 12 450 0 0 0 450 0 
3200 13 450 7 0 0 433 10 
3200 14 450 0 0 0 450 0 
3200 15 450 1 0 0 449 0 
3200 16 450 0 0 0 450 0 
3200 17 450 4 0 0 445 1 
3200 18 450 0 0 0 450 0 
3200 19 450 0 0 0 450 0 
3200 20 450 0 0 0 450 0 
3200 21 450 0 0 0 450 0 
3200 22 450 0 0 0 450 0 
3200 23 450 0 0 0 450 0 
3200 24 450 0 0 0 450 0 
3200 25 450 0 0 0 450 0 
3200 26 450 0 0 0 450 0 
3200 27 450 0 0 0 450 0 
3200 28 450 0 0 0 450 0 
3200 29 450 0 0 0 450 0 
3200 30 450 0 0 0 450 0 
3200 31 450 0 0 0 450 0 
3200 32 450 0 0 0 450 0 
3200 33 450 0 0 0 450 0 
3200 34 450 0 0 0 450 0 
3200 35 450 0 0 0 450 0 
3200 36 450 0 0 0 450 0 
3600 0 450 342 39 0 0 69 
3600 1 450 44 10 0 372 24 
3600 2 450 38 11 0 390 11 
3600 3 450 45 18 0 362 25 
3600 4 450 35 21 0 378 16 
3600 5 450 43 14 0 368 25 
3600 6 450 41 17 0 370 22 
3600 7 450 0 0 0 450 0 
3600 8 450 8 1 0 436 5 
3600 9 450 2 0 0 447 1 
3600 10 450 0 0 0 450 0 
3600 11 450 4 0 0 444 2 
3600 12 450 0 0 0 450 0 
3600 13 450 4 1 0 444 1 
3600 14 450 0 0 0 450 0 
3600 15 450 4 1 0 445 0 
3600 16 450 0 0 0 450 0 
3600 17 450 0 0 0 450 0 
3600 18 450 0 0 0 450 0 
3600 19 450 0 0 0 450 0 
3600 20 450 0 0 0 450 0 
3600 21 450 0 0 0 450 0 
3600 22 450 0 0 0 450 0 
3600 23 450 0 0 0 450 0 
3600 24 450 0 0 0 450 0 
3600 25 450 0 0 0 450 0 
3600 26 450 0 0 0 450 0 
3600 27 450 0 0 0 450 0 
3600 28 450 0 0 0 450 0 
3600 29 450 0 0 0 450 0 
3600 30 450 0 0 0 450 0 
3600 31 450 0 0 0 450 0 
3600 32 450 0 0 0 450 0 
3600 33 450 0 0 0 450 0 
3600 34 450 0 0 0 450 0 
3600 35 450 0 0 0 450 0 
3600 36 450 0 0 0 450 0 
4000 0 450 369 22 0 0 59 
4000 1 450 32 12 0 396 10 
4000 2 450 35 13 0 388 14 
4000 3 450 40 15 0 376 19 
4000 4 450 36 10 0 387 17 
4000 5 450 21 16 0 399 14 
4000 6 450 27 17 0 390 16 
4000 7 450 0 0 0 450 0 
4000 8 450 5 1 0 443 1 
4000 9 450 4 4 0 440 2 
4000 10 450 0 0 0 450 0 
4000 11 450 5 0 0 439 6 
4000 12 450 0 0 0 450 0 
4000 13 450 4 0 0 445 1 
4000 14 450 0 0 0 450 0 
4000 15 450 5 0 0 441 4 
4000 16 450 0 0 0 450 0 
4000 17 450 1 0 0 448 1 
4000 18 450 0 0 0 450 0 
4000 19 450 0 0 0 450 0 
4000 20 450 0 0 0 450 0 
4000 21 450 0 0 0 450 0 
4000 22 450 0 0 0 450 0 
4000 23 450 0 0 0 450 0 
4000 24 450 0 0 0 450 0 
4000 25 450 0 0 0 450 0 
4000 26 450 0 0 0 450 0 
4000 27 450 0 0 0 450 0 
4000 28 450 0 0 0 450 0 
4000 29 450 0 0 0 450 0 
4000 30 450 0 0 0 450 0 
4000 31 450 0 0 0 450 0 
4000 32 450 0 0 0 450 0 
4000 33 450 0 0 0 450 0 
4000 34 450 0 0 0 450 0 
4000 35 450 0 0 0 450 0 
4000 36 450 0 0 0 450 0 
4400 0 450 371 20 0 0 59 
4400 1 450 30 5 0 407 8 
4400 2 450 25 5 0 406 14 
4400 3 450 27 6 0 400 17 
4400 4 450 25 7 0 405 13 
4400 5 450 22 6 0 409 13 
4400 6 450 29 4 0 405 12 
4400 7 450 0 0 0 450 0 
4400 8 450 0 0 0 450 0 
4400 9 450 1 0 0 449 0 
4400 10 450 0 0 0 450 0 
4400 11 450 2 1 0 445 2 
4400 12 450 0 0 0 450 0 
4400 13 450 3 0 0 447 0 
4400 14 450 0 0 0 450 0 
4400 15 450 0 0 0 450 0 
4400 16 450 0 0 0 450 0 
4400 17 450 4 0 0 442 4 
4400 18 450 0 0 0 450 0 
4400 19 450 0 0 0 450 0 
4400 20 450 0 0 0 450 0 
4400 21 450 0 0 0 450 0 
4400 22 450 0 0 0 450 0 
4400 23 450 0 0 0 450 0 
4400 24 450 0 0 0 450 0 
4400 25 450 0 0 0 450 0 
4400 26 450 0 0 0 450 0 
4400 27 450 0 0 0 450 0 
4400 28 450 0 0 0 450 0 
4400 29 450 0 0 0 450 0 
4400 30 450 0 0 0 450 0 
4400 31 450 0 0 0 450 0 
4400 32 450 0 0 0 450 0 
4400 33 450 0 0 0 450 0 
4400 34 450 0 0 0 450 0 
4400 35 450 0 0 0 450 0 
4400 36 450 0 0 0 450 0 
4800 0 450 390 11 0 0 49 
4800 1 450 24 4 0 414 8 
4800 2 450 20 6 0 414 10 
4800 3 450 21 4 0 418 7 
4800 4 450 18 8 0 417 7 
4800 5 450 17 3 0 425 5 
4800 6 450 21 6 0 417 6 
4800 7 450 0 0 0 450 0 
4800 8 450 2 0 0 448 0 
4800 9 450 4 0 0 445 1 
4800 10 450 0 0 0 450 0 
4800 11 450 5 0 0 441 4 
4800 12 450 0 0 0 450 0 
4800 13 450 3 0 0 445 2 
4800 14 450 0 0 0 450 0 
4800 15 450 0 0 0 450 0 
4800 16 450 0 0 0 450 0 
4800 17 450 1 0 0 448 1 
4800 18 450 0 0 0 450 0 
4800 19 450 0 0 0 450 0 
4800 20 450 0 0 0 450 0 
4800 21 450 0 0 0 450 0 
4800 22 450 0 0 0 450 0 
4800 23 450 0 0 0 450 0 
4800 24 450 0 0 0 450 0 
4800 25 450 0 0 0 450 0 
4800 26 450 0 0 0 450 0 
4800 27 450 0 0 0 450 0 
4800 28 450 0 0 0 450 0 
4800 29 450 0 0 0 450 0 
4800 30 450 0 0 0 450 0 
4800 31 450 0 0 0 450 0 
4800 32 450 0 0 0 450 0 
4800 33 450 0 0 0 450 0 
4800 34 450 0 0 0 450 0 
4800 35 450 0 0 0 450 0 
4800 36 450 0 0 0 450 0 
5200 0 450 404 11 0 0 35 
5200 1 450 20 1 0 418 11 
5200 2 450 16 5 0 425 4 
5200 3 450 18 5 0 415 12 
5200 4 450 18 4 0 421 7 
5200 5 450 16 3 0 424 7 
5200 6 450 15 6 0 417 12 
5200 7 450 0 0 0 450 0 
5200 8 450 0 0 0 450 0 
5200 9 450 1 0 0 449 0 
5200 10 450 0 0 0 450 0 
5200 11 450 3 0 0 444 3 
5200 12 450 0 0 0 450 0 
5200 13 450 2 0 0 448 0 
5200 14 450 0 0 0 450 0 
5200 15 450 2 0 0 448 0 
5200 16 450 0 0 0 450 0 
5200 17 450 2 0 0 448 0 
5200 18 450 0 0 0 450 0 
5200 19 450 0 0 0 450 0 
5200 20 450 0 0 0 450 0 
5200 21 450 0 0 0 450 0 
5200 22 450 0 0 0 450 0 
5200 23 450 0 0 0 450 0 
5200 24 450 0 0 0 450 0 
5200 25 450 0 0 0 450 0 
5200 26 450 0 0 0 450 0 
5200 27 450 0 0 0 450 0 
5200 28 450 0 0 0 450 0 
5200 29 450 0 0 0 450 0 
5200 30 450 0 0 0 450 0 
5200 31 450 0 0 0 450 0 
5200 32 450 0 0 0 450 0 
5200 33 450 0 0 0 450 0 
5200 34 450 0 0 0 450 0 
5200 35 450 0 0 0 450 0 
5200 36 450 0 0 0 450 0 
5600 0 450 409 15 0 0 26 
5600 1 450 10 3 0 430 7 
5600 2 450 11 2 0 432 5 
5600 3 450 12 3 0 427 8 
5600 4 450 13 0 0 433 4 
5600 5 450 19 1 0 423 7 
5600 6 450 12 0 0 433 5 
5600 7 450 0 0 0 450 0 
5600 8 450 1 0 0 449 0 
5600 9 450 2 0 0 448 0 
5600 10 450 0 0 0 450 0 
5600 11 450 1 0 0 449 0 
5600 12 450 0 0 0 450 0 
5600 13 450 0 0 0 450 0 
5600 14 450 0 0 0 450 0 
5600 15 450 0 0 0 450 0 
5600 16 450 0 0 0 450 0 
5600 17 450 0 0 0 450 0 
5600 18 450 0 0 0 450 0 
5600 19 450 0 0 0 450 0 
5600 20 450 0 0 0 450 0 
5600 21 450 0 0 0 450 0 
5600 22 450 0 0 0 450 0 
5600 23 450 0 0 0 450 0 
5600 24 450 0 0 0 450 0 
5600 25 450 0 0 0 450 0 
5600 26 450 0 0 0 450 0 
5600 27 450 0 0 0 450 0 
5600 28 450 0 0 0 450 0 
5600 29 450 0 0 0 450 0 
5600 30 450 0 0 0 450 0 
5600 31 450 0 0 0 450 0 
5600 32 450 0 0 0 450 0 
5600 33 450 0 0 0 450 0 
5600 34 450 0 0 0 450 0 
5600 35 450 0 0 0 450 0 
5600 36 450 0 0 0 450 0 
6000 0 450 404 9 0 0 37 
6000 1 450 10 0 0 438 2 
6000 2 450 10 1 0 435 4 
6000 3 450 7 0 0 440 3 
6000 4 450 7 2 0 435 6 
6000 5 450 10 0 0 434 6 
6000 6 450 7 2 0 436 5 
6000 7 450 0 0 0 450 0 
6000 8 450 1 0 0 449 0 
6000 9 450 2 0 0 448 0 
6000 10 450 0 0 0 450 0 
6000 11 450 0 0 0 450 0 
6000 12 450 0 0 0 450 0 
6000 13 450 1 0 0 449 0 
6000 14 450 0 0 0 450 0 
6000 15 450 3 0 0 447 0 
6000 16 450 0 0 0 450 0 
6000 17 450 1 0 0 449 0 
6000 18 450 0 0 0 450 0 
6000 19 450 0 0 0 450 0 
6000 20 450 0 0 0 450 0 
6000 21 450 0 0 0 450 0 
6000 22 450 0 0 0 450 0 
6000 23 450 0 0 0 450 0 
6000 24 450 0 0 0 450 0 
6000 25 450 0 0 0 450 0 
6000 26 450 0 0 0 450 0 
6000 27 450 0 0 0 450 0 
6000 28 450 0 0 0 450 0 
6000 29 450 0 0 0 450 0 
6000 30 450 0 0 0 450 0 
6000 31 450 0 0 0 450 0 
6000 32 450 0 0 0 450 0 
6000 33 450 0 0 0 450 0 
6000 34 450 0 0 0 450 0 
6000 35 450 0 0 0 450 0 
6000 36 450 0 0 0 450 0 
6400 0 450 414 7 0 0 29 
6400 1 450 8 0 0 440 2 
6400 2 450 6 1 0 435 8 
6400 3 450 5 0 0 444 1 
6400 4 450 11 0 0 433 6 
6400 5 450 8 1 0 435 6 
6400 6 450 6 2 0 441 1 
6400 7 450 0 0 0 450 0 
6400 8 450 0 0 0 450 0 
6400 9 450 0 0 0 450 0 
6400 10 450 0 0 0 450 0 
6400 11 450 0 1 0 449 0 
6400 12 450 0 0 0 450 0 
6400 13 450 1 0 0 449 0 
6400 14 450 0 0 0 450 0 
6400 15 450 1 0 0 449 0 
6400 16 450 0 0 0 450 0 
6400 17 450 0 0 0 450 0 
6400 18 450 0 0 0 450 0 
6400 19 450 0 0 0 450 0 
6400 20 450 0 0 0 450 0 
6400 21 450 0 0 0 450 0 
6400 22 450 0 0 0 450 0 
6400 23 450 0 0 0 450 0 
6400 24 450 0 0 0 450 0 
6400 25 450 0 0 0 450 0 
6400 26 450 0 0 0 450 0 
6400 27 450 0 0 0 450 0 
6400 28 450 0 0 0 450 0 
6400 29 450 0 0 0 450 0 
6400 30 450 0 0 0 450 0 
6400 31 450 0 0 0 450 0 
6400 32 450 0 0 0 450 0 
6400 33 450 0 0 0 450 0 
6400 34 450 0 0 0 450 0 
6400 35 450 0 0 0 450 0 
6400 36 450 0 0 0 450 0 
6800 0 450 419 5 0 0 26 
6800 1 450 5 1 0 444 0 
6800 2 450 3 0 0 447 0 
6800 3 450 5 0 0 442 3 
6800 4 450 7 1 0 440 2 
6800 5 450 5 2 0 439 4 
6800 6 450 6 1 0 440 3 
6800 7 450 0 0 0 450 0 
6800 8 450 0 0 0 450 0 
6800 9 450 0 0 0 450 0 
6800 10 450 0 0 0 450 0 
6800 11 450 1 0 0 449 0 
6800 12 450 0 0 0 450 0 
6800 13 450 0 0 0 450 0 
6800 14 450 0 0 0 450 0 
6800 15 450 0 0 0 450 0 
6800 16 450 0 0 0 450 0 
6800 17 450 0 0 0 450 0 
6800 18 450 0 0 0 450 0 
6800 19 450 0 0 0 450 0 
6800 20 450 0 0 0 450 0 
6800 21 450 0 0 0 450 0 
6800 22 450 0 0 0 450 0 
6800 23 450 0 0 0 450 0 
6800 24 450 0 0 0 450 0 
6800 25 450 0 0 0 450 0 
6800 26 450 0 0 0 450 0 
6800 27 450 0 0 0 450 0 
6800 28 450 0 0 0 450 0 
6800 29 450 0 0 0 450 0 
6800 30 450 0 0 0 450 0 
6800 31 450 0 0 0 450 0 
6800 32 450 0 0 0 450 0 
6800 33 450 0 0 0 450 0 
6800 34 450 0 0 0 450 0 
6800 35 450 0 0 0 450 0 
6800 36 450 0 0 0 450 0 
7200 0 450 427 6 0 0 17 
7200 1 450 5 0 0 445 0 
7200 2 450 4 0 0 445 1 
7200 3 450 6 0 0 441 3 
7200 4 450 4 0 0 444 2 
7200 5 450 5 0 0 445 0 
7200 6 450 4 0 0 440 6 
7200 7 450 0 0 0 450 0 
7200 8 450 0 0 0 450 0 
7200 9 450 0 0 0 450 0 
7200 10 450 0 0 0 450 0 
7200 11 450 0 0 0 450 0 
7200 12 450 0 0 0 450 0 
7200 13 450 0 1 0 449 0 
7200 14 450 0 0 0 450 0 
7200 15 450 1 0 0 449 0 
7200 16 450 0 0 0 450 0 
7200 17 450 1 0 0 449 0 
7200 18 450 0 0 0 450 0 
7200 19 450 0 0 0 450 0 
7200 20 450 0 0 0 450 0 
7200 21 450 0 0 0 450 0 
7200 22 450 0 0 0 450 0 
7200 23 450 0 0 0 450 0 
7200 24 450 0 0 0 450 0 
7200 25 450 0 0 0 450 0 
7200 26 450 0 0 0 450 0 
7200 27 450 0 0 0 450 0 
7200 28 450 0 0 0 450 0 
7200 29 450 0 0 0 450 0 
7200 30 450 0 0 0 450 0 
7200 31 450 0 0 0 450 0 
7200 32 450 0 0 0 450 0 
7200 33 450 0 0 0 450 0 
7200 34 450 0 0 0 450 0 
7200 35 450 0 0 0 450 0 
7200 36 450 0 0 0 450 0 
7600 0 450 437 4 0 0 9 
7600 1 450 6 0 0 442 2 
7600 2 450 4 0 0 444 2 
7600 3 450 4 0 0 446 0 
7600 4 450 6 0 0 444 0 
7600 5 450 5 0 0 445 0 
7600 6 450 4 0 0 445 1 
7600 7 450 0 0 0 450 0 
7600 8 450 0 0 0 450 0 
7600 9 450 0 0 0 450 0 
7600 10 450 0 0 0 450 0 
7600 11 450 0 0 0 450 0 
7600 12 450 0 0 0 450 0 
7600 13 450 1 0 0 449 0 
7600 14 450 0 0 0 450 0 
7600 15 450 0 0 0 450 0 
7600 16 450 0 0 0 450 0 
7600 17 450 0 0 0 450 0 
7600 18 450 0 0 0 450 0 
7600 19 450 0 0 0 450 0 
7600 20 450 0 0 0 450 0 
7600 21 450 0 0 0 450 0 
7600 22 450 0 0 0 450 0 
7600 23 450 0 0 0 450 0 
7600 24 450 0 0 0 450 0 
7600 25 450 0 0 0 450 0 
7600 26 450 0 0 0 450 0 
7600 27 450 0 0 0 450 0 
7600 28 450 0 0 0 450 0 
7600 29 450 0 0 0 450 0 
7600 30 450 0 0 0 450 0 
7600 31 450 0 0 0 450 0 
7600 32 450 0 0 0 450 0 
7600 33 450 0 0 0 450 0 
7600 34 450 0 0 0 450 0 
7600 35 450 0 0 0 450 0 
7600 36 450 0 0 0 450 0 
